65,5
66,8
66,2
66,5
48,2
13,59
13,61
14,9
10,12
67,141
67,140
67,139
67,138
67,137
3,6
3,2
67,136
3,5
67,1
66,19
66,18
66,17
66,16
66,15
66,14
66,13
66,12
66,1
65,9
65,8
65,1
58,6
58,5
58,2
58,1
56,5
56,2
56,1
55,5
55,2
55,1
54,5
0,399
0,240
0,322
54,1
50,5
50,1
4,7
49,6
4,6
49,5
4,2
49,2
4,1
49,1
4,5
48,5
48,1
39,5
39,2
39,1
38,6
38,5
38,2
38,1
36,5
36,2
36,1
13,17
34,5
34,2
11,6
34,1
33,5
11,2
33,2
11,1
33,1
11,5
32,5
12,2
32,2
32,1
10,34
10,14
10,16
10,30
10,31
31,6
10,19
31,5
10,2
31,2
31,1
14,2
28,2
21,7
21,6
21,5
21,2
21,1
20,5
20,2
13,46
20,1
19,10
19,9
13,63
19,8
19,7
13,55
19,6
19,5
13,129
19,2
13,51
19,1
18,7
13,64
13,18
18,6
18,5
13,72
18,2
13,32
18,1
17,8
13,2
17,7
17,6
17,5
17,2
17,1
16,8
16,7
16,6
16,5
16,2
16,1
15,9
15,2
13,58
